yb =

  20.0000 -50.0000i -10.0000 +20.0000i -10.0000 +30.0000i
 -10.0000 +20.0000i  26.0000 -52.0000i -16.0000 +32.0000i
 -10.0000 +30.0000i -16.0000 +32.0000i  26.0000 -62.0000i
