
yb =

   0.0000 - 2.2500i   0.0000 + 1.0000i   0.0000 + 1.2500i   0.0000 + 0.0000i   0.0000 + 0.0000i
   0.0000 + 1.0000i   0.0000 - 8.5000i   0.0000 + 2.5000i   0.0000 + 5.0000i   0.0000 + 0.0000i
   0.0000 + 1.2500i   0.0000 + 2.5000i   0.0000 - 8.7500i   0.0000 + 5.0000i   0.0000 + 0.0000i
   0.0000 + 0.0000i   0.0000 + 5.0000i   0.0000 + 5.0000i   0.0000 -22.5000i   0.0000 +12.5000i
   0.0000 + 0.0000i   0.0000 + 0.0000i   0.0000 + 0.0000i   0.0000 +12.5000i   0.0000 -12.5000i